%YAML:1.0

image_width: 640
image_height: 460
camera_matrix: !!opencv-matrix
   rows: 3
   cols: 3
   dt: d
   data: [498.8694026106686, 0, 331.8990847802942, 0, 499.4911696490201, 244.8967248777912, 0, 0, 1]
distortion_coefficients: !!opencv-matrix
   rows: 1
   cols: 5
   dt: d
   data: [0.1618475722315812, -0.184878969828089, 0.006126488710236533, 0.004591829761048936, -0.2523099112693865]