%YAML:1.0
---
image_width: 960
image_height: 720
camera_matrix: !!opencv-matrix
   rows: 3
   cols: 3
   dt: d
   data: [ 9.0261733096642956e+02, 0., 4.7006281160463885e+02, 0.,
       9.0708265663379620e+02, 3.0752593545174830e+02, 0., 0., 1. ]
distortion_coefficients: !!opencv-matrix
   rows: 1
   cols: 5
   dt: d
   data: [ -2.6165718323078145e-02, -2.0857314597633403e-01,
       -8.4584085332054613e-03, -1.3620594051708245e-02,
       1.2527603225003670e+00 ]
